-----------------------Start matrix------------------------

0  0  0  0  0  0  0  0  0  24 0  0  0  0  0  0  0  0  0  0  
0  0  0  0  0  0  0  61 0  78 0  0  0  0  0  0  0  0  0  0  
0  0  0  0  0  0  0  0  0  0  0  0  0  73 0  0  0  0  0  0  
0  0  0  0  0  0  0  0  0  0  0  0  0  0  0  0  0  0  0  0  
0  11 57 0  0  45 0  0  0  0  0  0  0  0  0  0  0  0  0  0  
0  0  0  0  0  0  0  0  0  0  0  0  0  0  0  0  0  0  0  0  
0  0  0  0  0  0  0  0  0  0  0  0  0  0  0  0  0  0  0  0  
0  0  0  0  0  0  71 0  0  0  0  0  0  0  0  0  91 0  0  35 
0  0  0  0  0  0  0  0  0  0  0  0  0  0  0  0  0  0  0  0  
0  0  0  0  0  0  0  0  0  0  0  0  0  0  0  0  0  0  0  0  
0  0  0  0  0  0  0  0  0  0  0  0  0  0  0  0  0  0  0  0  
0  0  0  0  0  0  0  0  0  0  0  0  0  0  0  42 0  0  0  0  
0  0  21 0  0  0  0  0  0  0  0  0  0  0  0  0  0  0  0  0  
0  0  0  0  0  0  0  0  47 0  0  0  0  0  0  0  0  0  0  0  
0  0  0  11 0  0  0  0  0  0  0  0  0  0  0  0  0  0  0  0  
0  0  0  0  0  0  0  0  0  0  0  0  0  0  0  0  0  0  0  0  
0  0  0  0  0  0  0  0  0  0  0  0  0  0  0  0  0  0  95 0  
0  0  0  0  0  0  0  0  0  0  0  0  0  0  0  0  0  0  0  23 
0  0  0  0  0  0  0  0  0  12 0  0  0  0  0  0  0  0  62 0  
0  0  0  0  0  0  0  0  0  0  0  0  0  0  0  0  0  0  0  0  

--------------After adding element[0;0] - 7----------------

7  0  0  0  0  0  0  0  0  24 0  0  0  0  0  0  0  0  0  0  
0  0  0  0  0  0  0  61 0  78 0  0  0  0  0  0  0  0  0  0  
0  0  0  0  0  0  0  0  0  0  0  0  0  73 0  0  0  0  0  0  
0  0  0  0  0  0  0  0  0  0  0  0  0  0  0  0  0  0  0  0  
0  11 57 0  0  45 0  0  0  0  0  0  0  0  0  0  0  0  0  0  
0  0  0  0  0  0  0  0  0  0  0  0  0  0  0  0  0  0  0  0  
0  0  0  0  0  0  0  0  0  0  0  0  0  0  0  0  0  0  0  0  
0  0  0  0  0  0  71 0  0  0  0  0  0  0  0  0  91 0  0  35 
0  0  0  0  0  0  0  0  0  0  0  0  0  0  0  0  0  0  0  0  
0  0  0  0  0  0  0  0  0  0  0  0  0  0  0  0  0  0  0  0  
0  0  0  0  0  0  0  0  0  0  0  0  0  0  0  0  0  0  0  0  
0  0  0  0  0  0  0  0  0  0  0  0  0  0  0  42 0  0  0  0  
0  0  21 0  0  0  0  0  0  0  0  0  0  0  0  0  0  0  0  0  
0  0  0  0  0  0  0  0  47 0  0  0  0  0  0  0  0  0  0  0  
0  0  0  11 0  0  0  0  0  0  0  0  0  0  0  0  0  0  0  0  
0  0  0  0  0  0  0  0  0  0  0  0  0  0  0  0  0  0  0  0  
0  0  0  0  0  0  0  0  0  0  0  0  0  0  0  0  0  0  95 0  
0  0  0  0  0  0  0  0  0  0  0  0  0  0  0  0  0  0  0  23 
0  0  0  0  0  0  0  0  0  12 0  0  0  0  0  0  0  0  62 0  
0  0  0  0  0  0  0  0  0  0  0  0  0  0  0  0  0  0  0  0  

--------------After deleting all elements 47---------------

7  0  0  0  0  0  0  0  0  24 0  0  0  0  0  0  0  0  0  0  
0  0  0  0  0  0  0  61 0  78 0  0  0  0  0  0  0  0  0  0  
0  0  0  0  0  0  0  0  0  0  0  0  0  73 0  0  0  0  0  0  
0  0  0  0  0  0  0  0  0  0  0  0  0  0  0  0  0  0  0  0  
0  11 57 0  0  45 0  0  0  0  0  0  0  0  0  0  0  0  0  0  
0  0  0  0  0  0  0  0  0  0  0  0  0  0  0  0  0  0  0  0  
0  0  0  0  0  0  0  0  0  0  0  0  0  0  0  0  0  0  0  0  
0  0  0  0  0  0  71 0  0  0  0  0  0  0  0  0  91 0  0  35 
0  0  0  0  0  0  0  0  0  0  0  0  0  0  0  0  0  0  0  0  
0  0  0  0  0  0  0  0  0  0  0  0  0  0  0  0  0  0  0  0  
0  0  0  0  0  0  0  0  0  0  0  0  0  0  0  0  0  0  0  0  
0  0  0  0  0  0  0  0  0  0  0  0  0  0  0  42 0  0  0  0  
0  0  21 0  0  0  0  0  0  0  0  0  0  0  0  0  0  0  0  0  
0  0  0  0  0  0  0  0  0  0  0  0  0  0  0  0  0  0  0  0  
0  0  0  11 0  0  0  0  0  0  0  0  0  0  0  0  0  0  0  0  
0  0  0  0  0  0  0  0  0  0  0  0  0  0  0  0  0  0  0  0  
0  0  0  0  0  0  0  0  0  0  0  0  0  0  0  0  0  0  95 0  
0  0  0  0  0  0  0  0  0  0  0  0  0  0  0  0  0  0  0  23 
0  0  0  0  0  0  0  0  0  12 0  0  0  0  0  0  0  0  62 0  
0  0  0  0  0  0  0  0  0  0  0  0  0  0  0  0  0  0  0  0  

--------------After deleting element[2;13]-----------------

7  0  0  0  0  0  0  0  0  24 0  0  0  0  0  0  0  0  0  0  
0  0  0  0  0  0  0  61 0  78 0  0  0  0  0  0  0  0  0  0  
0  0  0  0  0  0  0  0  0  0  0  0  0  0  0  0  0  0  0  0  
0  0  0  0  0  0  0  0  0  0  0  0  0  0  0  0  0  0  0  0  
0  11 57 0  0  45 0  0  0  0  0  0  0  0  0  0  0  0  0  0  
0  0  0  0  0  0  0  0  0  0  0  0  0  0  0  0  0  0  0  0  
0  0  0  0  0  0  0  0  0  0  0  0  0  0  0  0  0  0  0  0  
0  0  0  0  0  0  71 0  0  0  0  0  0  0  0  0  91 0  0  35 
0  0  0  0  0  0  0  0  0  0  0  0  0  0  0  0  0  0  0  0  
0  0  0  0  0  0  0  0  0  0  0  0  0  0  0  0  0  0  0  0  
0  0  0  0  0  0  0  0  0  0  0  0  0  0  0  0  0  0  0  0  
0  0  0  0  0  0  0  0  0  0  0  0  0  0  0  42 0  0  0  0  
0  0  21 0  0  0  0  0  0  0  0  0  0  0  0  0  0  0  0  0  
0  0  0  0  0  0  0  0  0  0  0  0  0  0  0  0  0  0  0  0  
0  0  0  11 0  0  0  0  0  0  0  0  0  0  0  0  0  0  0  0  
0  0  0  0  0  0  0  0  0  0  0  0  0  0  0  0  0  0  0  0  
0  0  0  0  0  0  0  0  0  0  0  0  0  0  0  0  0  0  95 0  
0  0  0  0  0  0  0  0  0  0  0  0  0  0  0  0  0  0  0  23 
0  0  0  0  0  0  0  0  0  12 0  0  0  0  0  0  0  0  62 0  
0  0  0  0  0  0  0  0  0  0  0  0  0  0  0  0  0  0  0  0  

--------------Element[0;9] = 24----------------------------


--------------First element 12 - [18;9]--------------------

